1 3
2 4
3 5
4 6
5 7
6 8
7 9
8 12
10 13
12 15
13 16
14 57
15 58
16 59
17 60
18 61
19 62
20 63
21 64
22 65
23 66
24 67
25 68
26 69
27 70
28 71
29 72
30 73
31 74
32 75
33 76
34 77
35 78
42 20
49 55
50 56
51 42
52 43
53 44
54 45
55 46
56 47
57 48
58 49
59 50
60 51
61 52
62 40
63 41
64 79
65 80
66 81
67 82
68 83
69 84
70 85
71 86
72 87
73 88
74 89
75 90
76 91
77 92
78 93
79 94
80 95
81 96
82 97
83 98
84 99
85 100
86 101
87 102
88 103
89 104
90 105
91 106
92 107
93 108
94 109
95 110
96 111
97 149
98 150
99 151
100 152
101 153
102 154
103 155
104 156
105 157
106 158
107 159
108 160
109 161
148 202
162 211
163 212
164 213
165 214
166 215
167 216
168 217
169 218
170 219
171 220
172 221
173 222
174 223
175 224
176 225
177 226
178 227
214 229
215 230
216 231
217 232
218 233
219 234
220 235
221 236
222 237
381 395
382 396
383 398
385 399
386 400
387 401
388 402
389 403
391 405
393 407
394 408
395 409
397 411
399 413
401 415
402 416
403 417
404 418
405 419
406 420
408 422
409 423
410 424
411 425
412 426
413 427
414 428
415 429
417 431
418 432
419 433
420 434
421 435
422 436
423 437
424 438
429 443
430 444
433 447
434 448
435 449
436 450
438 452
440 454
442 456
443 457
444 458
446 460
447 461
448 462
449 463
451 465
453 467
456 470
458 472
459 473
460 474
463 477
464 478
467 481
471 485
474 488
475 489
476 490
477 491
479 493
481 495
482 496
483 497
485 499
487 501
488 502
490 504
497 511
498 512
499 513
500 514
501 515
502 516
503 517
504 518
506 520
507 521
510 524
512 526
515 529
517 531
519 533
521 535
523 537
526 540
528 542
539 553
541 555
552 566
1199 4498
1201 5353
1222 1653
1239 5332
1252 4808
1269 5441
1306 3559
1320 6683
1321 3382
1324 6815
1325 7042
1392 3019
1418 4292
1420 2934
1421 4263
1422 4262
1427 3521
1429 4539
1437 6339
1438 6337
1439 6338
1453 2187
1471 4266
1484 5989
1596 3244
1616 6395
1618 6393
1620 6396
1662 3417
1663 5763
1664 4601
1685 6505
1703 2241
1744 1875
1745 5717
1746 5062
1771 6717
1776 4725
1777 4724
1778 5063
1782 5689
1791 6507
1865 5719
1866 4715
1867 5723
1914 6630
1935 3419
1945 4379
1949 6094
1961 5428
1980 4751
1983 4749
1984 4750
1991 1813
1992 6983
1993 3629
1999 4392
2000 4394
2047 2305
2055 1547
2065 1382
2082 5872
2119 6956
2147 6242
2171 1975
2186 4268
2210 2144
2214 2540
2215 1745
2227 2504
2231 3278
2232 6744
2233 5870
2241 6518
2270 3516
2287 6327
2294 5800
2318 6304
2328 4021
2330 5094
2332 5093
2336 2779
2379 5390
2391 2406
2408 5016
2431 5583
2439 2845
2445 2023
2446 1808
2489 6438
2503 6437
2510 6210
2513 2174
2515 4485
2516 6746
2518 1791
2519 2407
2521 2150
2545 6582
2546 1322
2547 1260
2565 3737
2582 6952
2584 6917
2586 3474
2639 7085
2647 3886
2648 6908
2655 1411
2691 5301
2697 2843
2714 2685
2745 4401
2762 2315
2763 2231
2764 2290
2771 3687
2778 4300
2779 5988
2786 5082
2789 6202
2817 6920
2818 1655
2819 6889
2837 3669
2862 6751
2897 1417
2950 7001
2951 6955
2952 6814
2973 3538
2974 3539
2975 3394
3015 5868
3017 3151
3035 1316
3036 5792
3076 6762
3077 6079
3080 2742
3093 5986
3136 6902
3157 2581
3225 2470
3237 3030
3238 5590
3244 2743
3245 2738
3264 6990
3284 2463
3309 5831
3313 4541
3320 4879
3324 6647
3325 4814
3339 4783
3349 4931
3368 3549
3383 4813
3385 4816
3390 1896
3391 2167
3414 1742
3416 5837
3418 4168
3419 5409
3420 4166
3463 5185
3464 5360
3468 5445
3469 3178
3470 5446
3542 6671
3554 5661
3556 1246
3557 6517
3561 2854
3563 1367
3564 2428
3566 4785
3617 1469
3663 4789
3664 4792
3665 4790
3697 5034
3711 6033
3714 6034
3715 4023
3723 3004
3726 1598
3727 2570
3728 6032
3806 3822
3811 3721
3812 6215
3827 1732
3834 4165
3864 6906
3900 1599
3912 5998
3971 4270
4003 6706
4004 6697
4011 2687
4013 2689
4017 4145
4032 4970
4033 2893
4035 4569
4039 7120
4040 3863
4042 6491
4044 4331
4046 2015
4047 2304
4056 5963
4057 2974
4058 4568
4063 2005
4066 1879
4067 1776
4080 6053
4082 1615
4086 6376
4100 1843
4101 4694
4117 1333
4127 2155
4129 6949
4158 6752
4190 1850
4210 1422
4214 1449
4215 5770
4232 5771
4237 5352
4272 6652
4282 6705
4283 4395
4285 4818
4286 1654
4317 5842
4321 2326
4330 7046
4331 7077
4332 1419
4352 5856
4359 5184
4364 5291
4404 6135
4431 1400
4441 2871
4446 1264
4451 3123
4468 2210
4503 7092
4516 1796
4518 1810
4530 5660
4541 6136
4542 6134
4545 4777
4594 2085
4608 2661
4612 2963
4614 2962
4616 1421
4619 2541
4625 2973
4661 4776
4681 3633
4682 1310
4705 3625
4706 3628
4722 2242
4726 6753
4730 4609
4737 6309
4738 1485
4749 7118
4750 7023
4756 7083
4816 2515
4825 6081
4835 5382
4838 3952
4839 5383
4863 4841
4868 6915
4887 4117
4914 1518
4922 5423
4928 6428
5018 3143
5037 2251
5044 2988
5045 6294
5084 4251
5085 4476
5086 2207
5092 1423
5096 5483
5115 1501
5131 2006
5144 3824
5145 6935
5151 1814
5152 1800
5192 2980
5193 2981
5207 1961
5222 1720
5250 4126
5337 5755
5348 4696
5349 4695
5350 2580
5356 2582
5358 5655
5369 4521
5465 2778
5522 1532
5526 1523
5527 1533
5545 3958
5546 3106
5573 2516
5593 3217
5597 5418
5601 6827
5610 1706
5637 2722
5674 2208
5676 4099
5681 5224
5702 5475
5720 5328
5766 5520
5795 2425
5841 3110
5843 2542
5857 1733
5864 4716
5869 6966
5871 5774
5874 5482
5887 6934
5890 6897
5891 6807
5899 6933
5906 4771
5907 4720
5916 3211
5917 5348
5924 4845
5931 2535
5947 1676
5978 6567
5980 1806
5997 1953
5998 2017
6001 2928
6051 1524
6070 6629
6093 5519
6094 3651
6095 4881
6096 4647
6098 3701
6099 4646
6102 1801
6146 6566
6152 6568
6157 3713
6158 6907
6192 5862
6208 4204
6221 3441
6254 1483
6269 5218
6278 6486
6279 3076
6285 6809
6287 3209
6288 3190
6291 6904
6297 4632
6327 2077
6361 5990
6362 4525
6363 3520
6375 2286
6377 3710
6406 5002
6409 5695
6410 6663
6440 1476
6472 5471
6473 3652
6504 6896
6528 1963
6529 7137
6557 5904
6564 3175
6582 6152
6605 6356
6618 2865
6622 5730
6625 3642
6641 2727
6669 5504
6682 5188
6699 5357
6704 1481
6724 3075
6726 5503
6727 2977
6738 6472
6746 4778
6749 6850
6750 3473
6775 4465
6790 4462
6812 3685
6813 3686
6827 2016
6829 6196
6839 6223
6856 3469
6870 6194
6874 4698
6906 3073
6914 3825
6925 3440
6934 6120
6936 2591
6941 6886
6956 6923
6964 6884
6965 7106
6980 3509
6994 6926
7027 1746
7039 5775
7073 5225
7075 6398
